DIVI06 
265 2001 1 12 
119.5
96
109.4
103.2
119.2
115
108.4
107.3
106.4
122.1
128.5
143.3
140.7
133.3
153.7
144.9
153
144.9
155.7
159.5
151.6
142.5
150.3
156.5
152.5
137.6
152
148.4
153
145.3
145.6
158.5
160.3
163.8
156.6
152.9
149
148
105.2
140.8
148
147
150.5
153.7
149.4
160.3
162.5
170.3
173.7
154.4
172.5
168.7
173.1
166.3
172.3
168
160.3
165.2
161
164.3
158
145.5
159.5
148.8
154.8
149.6
154.1
153.7
146.2
151.5
145.5
147.1
147
134.5
143.8
136.6
140.5
135.8
135
136.2
123.5
134
125.3
120.1
134.8
123.5
134.8
131.5
134.5
128.7
108.7
131.3
127
107.8
100.1
102.7
120.8
104.2
119.5
111.9
115.7
106.3
109.8
111.3
104.5
112.3
110.6
116.8
116.3
102.6
119.9
121.8
113.9
110.6
112
113.1
110.3
114.7
109.9
110.8
114.1
100.9
113.7
112.3
107.3
102.5
117.1
124.1
118.6
124
121.6
126.1
120.8
113
127
120.6
121
119.8
124.4
124
117.7
121.4
116.5
118.9
116.2
104.7
111.9
110.4
110.2
109.4
105.3
112.1
107.5
112.8
106.1
111.1
108.4
99.3
107.7
104.9
110.2
105.6
107.7
107.5
98
107.2
106.4
109.8
102.6
87.4
103.4
101.7
104.7
99.2
99.8
100.6
96.8
104.2
100.9
98.7
96.8
84.4
95.4
64.4
66.9
62.3
63.6
80.2
91.9
97.7
95.1
99.7
91.1
85.9
93.8
79.2
59.5
56.6
69.3
90.2
87.4
88.6
86.5
87.2
87.3
79.4
84.5
82.9
85.1
82.2
77.2
82.4
79.8
79.8
77.3
82.5
80.9
73.2
77
75.2
75.1
70.2
73.2
74.1
68.7
72.3
69.3
71.2
70.6
74.2
70.9
68.8
70.1
67.6
71.2
72.7
67.3
70.9
67.8
69.7
68.6
62.2
64.8
53.2
38.7
48.6
57.6
59.1
57.3
60.8
58.8
57.8
57.8
53.1
57.2
55.5
55.4
54.3
56.2
56
55
57.2
53.2
53.7
55.1
$INPUT ITER=3 LAM=1 IMEAN=1 SEATS=2 OUT=0 IREG=6 Q=2 INIT=1 JQR(1)=1 TH(1)=0 $END
$REG IUSER=2 NSER=6 $END
39 AO 184 TC 91 AO 94 TC 197 TC 22 TC
DIVI08 
265 2001 1 12 
140.9
165.4
180.7
163.8
190.2
222.1
224.7
170.9
178.8
177.6
149.1
130.7
137.3
149.8
178.5
169.3
157
164.8
185.5
101.3
163.9
166.8
130.7
127.3
134
161.2
188.2
167.4
181.6
163.1
173.2
94.3
163.7
162.4
141.9
120.2
136.5
143.6
178.8
161.8
173.9
181.1
166.8
101.3
153.5
157.5
144.2
124.3
112.4
135.5
166.1
147.1
132.1
148.7
154.7
112.3
155.1
148.5
152.7
123.6
120.4
114.8
172.1
149.7
183.8
184.4
161.8
118.9
153.2
181.2
164.7
133.1
120.2
128.7
170.5
165.1
190.6
164.3
184
139.6
155.6
169.5
138.4
101.9
132.1
151.4
137.6
163.5
167.2
161.8
184.7
97.3
145.4
156.8
120.4
85.6
82
104.6
140.9
118.9
141.8
164.8
156.6
60.8
144.2
121.2
107.6
84
63.5
102.1
123.7
120
112.6
157.8
170.4
95.4
148.3
105.6
90.6
79.9
55.8
102.1
117.8
123.2
153.2
156.7
157.1
99.3
122.4
131.3
105.3
74.1
83.6
78
140.2
124.8
160.2
143.6
143.9
76.1
108.7
132.1
82.5
53
62
92.7
92
92.4
117.4
145.7
156.5
85.8
111.4
112.2
86
67.6
64.7
80.7
102.2
109.5
132
124.4
121.1
68.7
127.7
144.9
70.5
67.7
86.1
75.8
100.4
117.3
99.8
106.4
128.5
78.7
105.7
103
114.1
84.2
69.3
111
95
126.6
140.1
122.8
122.1
75.2
136
128.1
123.7
74.5
75.1
107.8
132.3
127.8
117.6
136.4
142.4
95.4
130.7
108.1
99.2
83.4
82.9
106
105.3
127.5
125.4
105.7
141.1
90.2
108.1
135.5
101.2
94.8
77.4
117.8
137.6
123.5
143.3
113.5
155.3
101.3
96.8
125.2
113.6
95.1
90.1
128
99.1
25
90.8
114.9
126.1
104.3
108.2
122.4
114
85
91.6
114.4
133.5
117.8
148.9
143.7
146.6
90.3
119.1
112.7
98.8
84.5
99
108.7
130.2
121.4
126.1
130.4
134.8
98.6
99.4
110.6
101.9
80.3
98.8
$INPUT  LAM=1 IMEAN=0 SEATS=2 OUT=0 IREG=3 P=1 $END
$REG IUSER=-1 NSER=1 ILONG=360 REGEFF=6 $END
TDMNU01.TXT
$REG IUSER=2 NSER=2 $END
53 TC 232 AO
DIVI10 
265 2001 1 12 
86
91.2
100.1
79.5
88.8
90.9
91.1
84.3
112
115.6
103
80.5
86.9
91.4
94.9
82.4
95.5
87.8
97
81
114
119.8
104.1
84.4
89.2
94.2
98.6
87.2
92.2
88.6
100.1
77.6
120.4
118.7
107.4
87
88.5
96.6
101.1
90.2
91.4
89.2
96.5
82.5
118.1
117.7
108.6
92.6
86.4
94.5
96.4
89.2
94.4
89.5
89.7
96.5
122
122.3
113.7
92.9
88.9
94.3
105.3
80.2
96.5
94.4
96.3
92.8
121
124.6
116.3
89.6
94.3
96
103.8
82.2
97.8
92.1
94.7
99.1
118.5
129.5
114.8
86.7
100.2
101.8
93.8
93.3
97
92.8
98.4
92.5
120.5
123.4
108.9
86.3
87.9
95.7
102.6
88
89
90.6
98.9
92.2
123.8
121.2
111.2
92.3
84.2
97.9
109.1
89.1
96.7
100.4
102.4
100.9
124
116.4
109.4
91.2
83.8
95.2
113.8
91.9
103.3
94.1
100.3
104.9
116.1
109
108.5
83.8
86.4
96.7
110.9
83.5
103
92.2
101.4
105.8
118.3
116.2
101.7
79.6
95.7
97.4
96.7
84.6
105.4
90
103.1
96.2
113.3
121
102.6
83.7
91
95.8
98.5
86
103.4
94.1
106
94
117.5
119.5
103.9
85.2
90
93.9
104.8
92.5
97.3
95.7
104.2
97.9
115.1
113.3
106.9
88.3
86.7
100
102.1
94.9
102.5
97.9
98
103.7
118.6
113.2
111.7
92.3
88.9
96
113.7
86.9
106.2
100.8
102.8
106.7
114.1
115.6
109.8
87.6
102.5
100.1
107
89.7
107.2
101.5
105.8
105.3
111.1
122.3
113.4
88.8
101.6
102.7
109.9
95
108.5
99.7
109.2
104.6
122.4
125.9
113.4
92.9
103.4
106.7
105
93.4
95.9
98.8
109.3
101.8
121.9
119.2
109.6
91.7
94.9
105.9
115.6
100
104.8
104.4
111.8
110
129.4
121
117.8
101.7
95.3
107
123.5
101.6
114.9
105.4
110.2
115
125.1
114.9
112.5
92.2
105.3
$INPUT  LAM=1 IMEAN=0 SEATS=2 OUT=0 IREG=10 IEAST=3 $END
$REG IUSER=-1 NSER=1 ILONG=360 REGEFF=6 $END
TDMNU01.TXT
$REG IUSER=-1 NSER=1 ILONG=360 REGEFF=6 $END
LYM_01.TXT
$REG IUSER=2 NSER=8 $END
56 TC 129 TC 123 TC 142 LS 114 TC 231 TC 239 TC  253 AO
DIVI11 
265 2001 1 12 
78.9
80.3
95.2
86
113.5
109.8
113.5
82.3
97.4
105.2
101
81.4
85.9
90.4
99.2
92.1
114.2
106.7
120.8
74.1
100.2
110.2
99.4
84
83.9
87.4
97.6
91
108.7
110.7
130.1
83.4
111.3
106.9
99.7
85.3
81.7
90.6
101.9
98.6
102.5
107.8
116.2
75.7
102.8
97.9
101.3
86.9
80.6
84.8
97.4
101
114.4
116.1
108.7
82.1
101.5
90.5
98.5
86.4
84.3
92.1
108
92.1
120.6
120
121.1
88.5
101.2
104.7
104.3
84.8
89.7
98.6
112.4
98.5
126.9
124.1
120.9
89
98.1
108.4
102
76.5
93
102.8
102.8
108.4
110.9
113.8
122
75.7
106.5
103.8
94.3
83.1
82.4
89.3
97.5
99.2
114.1
123.6
126.9
79.2
115
105.2
103.1
86.2
80.1
89.9
110.4
108.9
114.8
121.7
124.8
89
106.1
92.8
97.8
90.8
82
91.6
106.4
101.7
121.3
124.2
119.3
87.9
112.3
104.5
105.8
92.1
84.6
94.4
109.4
97.8
119.6
121.3
127.8
95.2
106.9
108.7
101.6
82
90.7
86
99.9
94.4
114.3
113.2
120.7
91.1
106.2
110.8
95.5
82
85.2
85.5
96.9
97.8
110.6
114.1
123.7
78.5
100.5
104.8
96.7
84.9
76.8
79.5
99.7
98.4
103.6
116.5
126.9
85.7
106
100.1
121.2
85.7
74.2
89.2
96.9
99.3
112
112.7
119.4
87.5
101.8
102.3
131.9
85.8
82.1
86.9
110.6
94.6
118.4
125.5
129.2
95.6
108.3
109.8
127.8
82.9
88.2
92.4
107.4
97.8
123.7
125.7
131
100.6
110.7
125.2
142
87.9
94.1
100.4
115.5
111.8
133.9
124.1
150.3
100.9
116.4
121.6
136.1
97.1
104.6
104.8
108.3
89.3
101.4
119.5
150.6
101.6
130.5
123.3
135.2
89
88.2
97.6
118.5
120.3
135.8
141.5
152.9
116.3
147.8
133.4
158.8
102.3
94.1
116.2
135.1
113.2
139.8
138.2
146.6
118.6
166.4
124.8
149.8
93.6
96.3
$INPUT  LAM=0 IMEAN=0 P=1 SEATS=2 OUT=0 IREG=7 $END
$REG IUSER=-1 NSER=1 ILONG=360 REGEFF=6 $END
TDMNU01.TXT
$REG IUSER=-1 NSER=1 ILONG=360 REGEFF=6 $END
LYM_01.TXT
$REG IUSER=-1 NSER=1 ILONG=360 REGEFF=2 $END
S01M1115.TXT
$REG IUSER=2 NSER=4 $END
231 AO 232 AO 233 AO 234 AO
GRU110 
265 2001 1 12 
78.9
80.3
95.2
86
113.5
109.8
113.5
82.3
97.4
105.2
101
81.4
85.9
90.4
99.2
92.1
114.2
106.7
120.8
74.1
100.2
110.2
99.4
84
83.9
87.4
97.6
91
108.7
110.7
130.1
83.4
111.3
106.9
99.7
85.3
81.7
90.6
101.9
98.6
102.5
107.8
116.2
75.7
102.8
97.9
101.3
86.9
80.6
84.8
97.4
101
114.4
116.1
108.7
82.1
101.5
90.5
98.5
86.4
84.3
92.1
108
92.1
120.6
120
121.1
88.5
101.2
104.7
104.3
84.8
89.7
98.6
112.4
98.5
126.9
124.1
120.9
89
98.1
108.4
102
76.5
93
102.8
102.8
108.4
110.9
113.8
122
75.7
106.5
103.8
94.3
83.1
82.4
89.3
97.5
99.2
114.1
123.6
126.9
79.2
115
105.2
103.1
86.2
80.1
89.9
110.4
108.9
114.8
121.7
124.8
89
106.1
92.8
97.8
90.8
82
91.6
106.4
101.7
121.3
124.2
119.3
87.9
112.3
104.5
105.8
92.1
84.6
94.4
109.4
97.8
119.6
121.3
127.8
95.2
106.9
108.7
101.6
82
90.7
86
99.9
94.4
114.3
113.2
120.7
91.1
106.2
110.8
95.5
82
85.2
85.5
96.9
97.8
110.6
114.1
123.7
78.5
100.5
104.8
96.7
84.9
76.8
79.5
99.7
98.4
103.6
116.5
126.9
85.7
106
100.1
121.2
85.7
74.2
89.2
96.9
99.3
112
112.7
119.4
87.5
101.8
102.3
131.9
85.8
82.1
86.9
110.6
94.6
118.4
125.5
129.2
95.6
108.3
109.8
127.8
82.9
88.2
92.4
107.4
97.8
123.7
125.7
131
100.6
110.7
125.2
142
87.9
94.1
100.4
115.5
111.8
133.9
124.1
150.3
100.9
116.4
121.6
136.1
97.1
104.6
104.8
108.3
89.3
101.4
119.5
150.6
101.6
130.5
123.3
135.2
89
88.2
97.6
118.5
120.3
135.8
141.5
152.9
116.3
147.8
133.4
158.8
102.3
94.1
116.2
135.1
113.2
139.8
138.2
146.6
118.6
166.4
124.8
149.8
93.6
96.3
$INPUT  LAM=0 IMEAN=0 P=1 SEATS=2 OUT=0 IREG=7 $END
$REG IUSER=-1 NSER=1 ILONG=360 REGEFF=6 $END
TDMNU01.TXT
$REG IUSER=-1 NSER=1 ILONG=360 REGEFF=6 $END
LYM_01.TXT
$REG IUSER=-1 NSER=1 ILONG=360 REGEFF=2 $END
S01M1115.TXT
$REG IUSER=2 NSER=4 $END
231 AO 232 AO 233 AO 234 AO
DIVI12 
265 2001 1 12 
3897
4009.9
4180.2
3340.6
3843.6
3461.4
3253.5
1550.5
3244.6
3859.4
3494.1
1934.7
1940.6
3064.4
3124.8
2626.7
3142.6
3074.3
3104
1017.8
3090.1
3464.4
3212.9
2123.8
3097
3479.2
3603
2644.6
3266.3
2981.2
3026.7
743.6
3439.6
3574.3
3315.8
2229.7
2546.5
2559.4
1860.4
1427.7
1566.3
1744.6
1527.7
480.2
1793.1
1610.9
1636.6
867.3
1415.8
1626.7
1319.8
1263.4
1425.7
1319.8
1696
563.4
1693.1
1715.8
1767.3
1094.1
1306.9
1569.3
1650.5
1029.7
1742.6
1620.8
1283.2
653.5
1504
1505.9
1422.8
869.3
1435.6
1353.5
1564.4
1099
1509.9
1490.1
1399
716.8
1130.7
1236.6
1167.3
808.9
1079.2
1190.1
1129.7
986.1
1057.4
1099
1669.3
623.8
1160.4
1266.3
1084.2
752.5
969.3
1104
1100
1262.4
1313.9
1125.7
1503
562.4
1371.3
1127.7
1072.3
972.3
1061.4
1146.5
1016.8
1156.4
1098
1095
1245.5
755.4
914.9
880.2
833.7
678.2
123.8
130.7
127.7
122.8
138.6
133.7
133.7
108.9
127.7
127.7
122.8
107.9
171.3
159.4
142.6
121.8
130.7
140.6
146.5
68.3
140.6
130.7
132.7
127.7
126.7
133.7
121.8
112.9
123.8
105.9
185.1
55.4
195
177.2
98
184.2
157.4
180.2
214.9
176.2
130.7
187.1
179.2
69.3
134.7
158.4
163.4
99
73.6
79.2
113.2
98
110.2
94.5
138
88.9
114.6
91.7
94.9
103.3
90.5
121.5
144.6
153.2
200.4
216.6
284.3
243.2
303.8
363.6
416.1
379
473.3
503.5
613.1
534.9
723.4
601.5
830.8
895.4
842.3
1161.5
1325.2
1197.3
942.7
1265.1
1097.5
1265.1
771.6
591.2
660
526
586.6
645.5
450.4
296
616.1
500.7
612.8
565.4
768.6
766.4
883.5
509.4
865.9
909.1
725.3
515.2
698.8
705.1
502.9
726.9
895
924.2
848.7
621.2
768.7
975.7
989.5
643.4
875.9
992.1
1059.8
801.2
1066.3
1062.6
1101.9
662.2
1138.8
1228.9
1232.5
631.9
846.5
936.3
1004.5
795.1
879.1
1042
951.2
854.4
1237.6
1257.4
1195.1
884
1025.3
$INPUT  LAM=0 IMEAN=0 SEATS=2 OUT=0 IREG=5  $END
$REG IUSER=-1 NSER=1 ILONG=360 REGEFF=6 $END
TDMNU01.TXT
$REG IUSER=2 NSER=4 $END
121 LS 209 LS 152 AO 155 AO
GRU120 
265 2001 1 12 
3897
4009.9
4180.2
3340.6
3843.6
3461.4
3253.5
1550.5
3244.6
3859.4
3494.1
1934.7
1940.6
3064.4
3124.8
2626.7
3142.6
3074.3
3104
1017.8
3090.1
3464.4
3212.9
2123.8
3097
3479.2
3603
2644.6
3266.3
2981.2
3026.7
743.6
3439.6
3574.3
3315.8
2229.7
2546.5
2559.4
1860.4
1427.7
1566.3
1744.6
1527.7
480.2
1793.1
1610.9
1636.6
867.3
1415.8
1626.7
1319.8
1263.4
1425.7
1319.8
1696
563.4
1693.1
1715.8
1767.3
1094.1
1306.9
1569.3
1650.5
1029.7
1742.6
1620.8
1283.2
653.5
1504
1505.9
1422.8
869.3
1435.6
1353.5
1564.4
1099
1509.9
1490.1
1399
716.8
1130.7
1236.6
1167.3
808.9
1079.2
1190.1
1129.7
986.1
1057.4
1099
1669.3
623.8
1160.4
1266.3
1084.2
752.5
969.3
1104
1100
1262.4
1313.9
1125.7
1503
562.4
1371.3
1127.7
1072.3
972.3
1061.4
1146.5
1016.8
1156.4
1098
1095
1245.5
755.4
914.9
880.2
833.7
678.2
123.8
130.7
127.7
122.8
138.6
133.7
133.7
108.9
127.7
127.7
122.8
107.9
171.3
159.4
142.6
121.8
130.7
140.6
146.5
68.3
140.6
130.7
132.7
127.7
126.7
133.7
121.8
112.9
123.8
105.9
185.1
55.4
195
177.2
98
184.2
157.4
180.2
214.9
176.2
130.7
187.1
179.2
69.3
134.7
158.4
163.4
99
73.6
79.2
113.2
98
110.2
94.5
138
88.9
114.6
91.7
94.9
103.3
90.5
121.5
144.6
153.2
200.4
216.6
284.3
243.2
303.8
363.6
416.1
379
473.3
503.5
613.1
534.9
723.4
601.5
830.8
895.4
842.3
1161.5
1325.2
1197.3
942.7
1265.1
1097.5
1265.1
771.6
591.2
660
526
586.6
645.5
450.4
296
616.1
500.7
612.8
565.4
768.6
766.4
883.5
509.4
865.9
909.1
725.3
515.2
698.8
705.1
502.9
726.9
895
924.2
848.7
621.2
768.7
975.7
989.5
643.4
875.9
992.1
1059.8
801.2
1066.3
1062.6
1101.9
662.2
1138.8
1228.9
1232.5
631.9
846.5
936.3
1004.5
795.1
879.1
1042
951.2
854.4
1237.6
1257.4
1195.1
884
1025.3
$INPUT  LAM=0 IMEAN=0 SEATS=2 OUT=0 IREG=5 $END
$REG IUSER=-1 NSER=1 ILONG=360 REGEFF=6 $END
TDMNU01.TXT
$REG IUSER=2 NSER=4 $END
121 LS 209 LS 152 AO 155 AO
CL1200 
265 2001 1 12 
3897
4009.9
4180.2
3340.6
3843.6
3461.4
3253.5
1550.5
3244.6
3859.4
3494.1
1934.7
1940.6
3064.4
3124.8
2626.7
3142.6
3074.3
3104
1017.8
3090.1
3464.4
3212.9
2123.8
3097
3479.2
3603
2644.6
3266.3
2981.2
3026.7
743.6
3439.6
3574.3
3315.8
2229.7
2546.5
2559.4
1860.4
1427.7
1566.3
1744.6
1527.7
480.2
1793.1
1610.9
1636.6
867.3
1415.8
1626.7
1319.8
1263.4
1425.7
1319.8
1696
563.4
1693.1
1715.8
1767.3
1094.1
1306.9
1569.3
1650.5
1029.7
1742.6
1620.8
1283.2
653.5
1504
1505.9
1422.8
869.3
1435.6
1353.5
1564.4
1099
1509.9
1490.1
1399
716.8
1130.7
1236.6
1167.3
808.9
1079.2
1190.1
1129.7
986.1
1057.4
1099
1669.3
623.8
1160.4
1266.3
1084.2
752.5
969.3
1104
1100
1262.4
1313.9
1125.7
1503
562.4
1371.3
1127.7
1072.3
972.3
1061.4
1146.5
1016.8
1156.4
1098
1095
1245.5
755.4
914.9
880.2
833.7
678.2
123.8
130.7
127.7
122.8
138.6
133.7
133.7
108.9
127.7
127.7
122.8
107.9
171.3
159.4
142.6
121.8
130.7
140.6
146.5
68.3
140.6
130.7
132.7
127.7
126.7
133.7
121.8
112.9
123.8
105.9
185.1
55.4
195
177.2
98
184.2
157.4
180.2
214.9
176.2
130.7
187.1
179.2
69.3
134.7
158.4
163.4
99
73.6
79.2
113.2
98
110.2
94.5
138
88.9
114.6
91.7
94.9
103.3
90.5
121.5
144.6
153.2
200.4
216.6
284.3
243.2
303.8
363.6
416.1
379
473.3
503.5
613.1
534.9
723.4
601.5
830.8
895.4
842.3
1161.5
1325.2
1197.3
942.7
1265.1
1097.5
1265.1
771.6
591.2
660
526
586.6
645.5
450.4
296
616.1
500.7
612.8
565.4
768.6
766.4
883.5
509.4
865.9
909.1
725.3
515.2
698.8
705.1
502.9
726.9
895
924.2
848.7
621.2
768.7
975.7
989.5
643.4
875.9
992.1
1059.8
801.2
1066.3
1062.6
1101.9
662.2
1138.8
1228.9
1232.5
631.9
846.5
936.3
1004.5
795.1
879.1
1042
951.2
854.4
1237.6
1257.4
1195.1
884
1025.3
$INPUT  LAM=0 IMEAN=0 SEATS=2 OUT=0 SEATS=2 IREG=5 $END
$REG IUSER=-1 NSER=1 ILONG=360 REGEFF=6 $END
TDMNU01.TXT
$REG IUSER=2 NSER=4 $END
121 LS 209 LS 152 AO 155 AO
DIVI13 
265 2001 1 12 
192.6
199.9
225.7
184.9
222.9
202.3
200.5
53.2
190.1
214.9
186.9
133.6
171.7
179.4
196
178.6
211.9
183.6
195.6
43.5
198.6
211.2
188.4
137.2
175.2
177.1
195.4
182.3
188.4
174.9
189.6
29.1
192.5
203.3
180.7
138.9
151
169
192.2
183.9
190.2
175.2
180.7
33.5
186.8
176.3
171.7
133.8
140.6
159.8
172.4
170.4
184.1
166.3
166.3
43
182.5
168.4
169.2
125.8
140.1
159.5
188.3
150.9
184.9
170.9
166
44.8
174.7
179.5
172.3
120
156.4
158.2
180.7
146.9
180.5
161.3
161.5
45.6
159.2
178.5
156.3
109.4
147
152
150.4
157.2
151.9
143.6
146.1
29.9
138.4
147
120.4
85.3
96
100.6
118
109.6
110.3
105.8
122.3
18.9
123.2
135.8
123.9
82.6
95.1
118.4
136.5
129.9
132.6
126.7
130.3
34.5
134.3
133.5
129.7
102.2
105.8
125.4
136
125.7
133.1
119.8
123.9
36.8
122.5
112.5
108.9
76.6
89.2
112.4
125.7
95.7
117.5
107.1
115.3
33.5
106.2
119.2
106.4
69.9
97.3
101.6
108.4
103.5
113.8
108.9
120
30.2
107.5
118.5
105
82.1
96.8
111.2
112.9
107.7
118
107.3
121.1
33.8
115.8
118.4
106.7
75
86.1
95
112.6
108.2
103.4
107.7
117.4
34.4
116
115.9
111.9
91.4
92.2
107.9
110.4
110.3
117.2
111.2
110.1
34.3
113.1
108.9
107.9
77.7
91.8
105.8
120.7
92.2
111.4
107.1
108.2
37.9
113.5
115.3
111.9
75.9
94.4
108
116.1
96.3
112.6
107.2
103.4
37.4
105.1
118.2
97.9
70.7
91.2
99.1
104.3
87.3
104.1
93.4
102.2
30.3
99.2
107.1
89.6
68.6
85.1
92.5
63.3
31.1
72.1
74.4
81.8
29.6
87.8
90.9
82.1
63.7
72.3
81.1
92.4
86.2
84.3
88.5
96.2
35.2
96.4
93.6
92.8
75.7
75.4
90.9
103.2
86.9
105.9
87.9
89.2
33.8
89.4
83.9
80.4
60.2
73
$INPUT  LAM=1 IMEAN=0 SEATS=2 OUT=0 IREG=6 P=2 Q=0 BQ=0 IEAST=3 $END
$REG IUSER=-1 NSER=1 ILONG=360 REGEFF=6 $END
TDMNU01.TXT
$REG IUSER=2 NSER=5 $END
93 LS 98 TC 231 AO 232 AO 236 AO
DIVI14 
265 2001 1 12 
147.4
146.5
144.1
107
125.9
152.5
152.7
76.7
110.2
108.7
118.9
119.8
130.3
134.8
126.2
98.7
126.6
129.4
135.3
72.1
100.4
98.4
106.9
117.8
109.2
117.6
118.8
100.4
110.7
124.9
144
71.4
105.6
95.3
106.5
120.4
104
120.1
128.8
105.6
126.8
129.4
141.5
71
99.3
84.5
95.7
115.1
98.6
101.7
109.6
89.7
103.3
107.9
109.5
61.6
97.3
85
101.6
112.9
102.2
108.1
111.1
85.3
126.4
131.1
128.1
71.6
104.6
99.2
125.5
129.4
122.8
130.6
138.8
110.8
137.2
129.9
147.8
82.9
109.2
108.6
139.2
135.7
132.4
132.7
128
123.8
129.2
160
164.1
69.1
117.7
108.1
153
152.6
120.6
132.4
102.6
94.5
143.6
159.8
155.5
90
99.1
92.6
139.1
166.4
132.6
122.9
119.9
103.6
150.3
168.9
176.4
87.1
114.7
98.4
125.3
162.4
110.9
110.7
111.5
99.9
148.8
158.5
145.4
84.2
98.6
94.8
136.3
153.5
108.7
94.5
102.1
94.3
137
145.1
143
67.7
83.3
93
131.1
134.1
119.9
94.7
76
81.1
122
115.6
156.3
73.2
83.2
74.7
99
103.3
125.8
106.1
75.9
71
102.5
120.2
138.9
64.3
75
77.1
106
110.3
115.6
90.7
82.1
74.6
114.9
124.5
140.9
66.5
80.8
72.8
113.1
123.5
114
91.4
72.7
69.2
101.4
122.8
129.5
75.2
99.3
75.3
105.4
112.7
105.8
74.7
93.6
71.2
94.1
118.7
125.5
69.2
89.6
80.2
85
95.1
138.8
71.2
91.5
84.7
96
108.2
120
75.2
86.5
79.6
87.2
83.5
115.6
92.7
86
62.1
86.5
87.6
108.8
54.7
75.4
79.1
78.9
82.7
96
72.1
38.9
14.4
50
68.3
82.5
56
61.3
49.6
46.5
44.8
57.4
59.6
61
48.9
48.5
60.7
73
38.8
54
47.3
49.2
55.3
48.7
64.7
70.5
53.5
62.5
64.5
67.1
49.3
66.3
56.8
56.8
54.1
54
$INPUT  LAM=0 IMEAN=0 Q=2 SEATS=2 OUT=0 IREG=8 $END
$REG IUSER=-1 NSER=1 ILONG=360 REGEFF=6 $END
TDMNU01.TXT
$REG IUSER=2 NSER=7 $END
99 TC 183 TC 105 TC 157 TC 231 TC 232 AO 236 AO
DIVI15 
265 2001 1 12 
238.6
247.7
251.7
187.1
220.8
207.6
229.1
91.1
199
204.9
183.1
165.8
220.3
216.6
211.6
186.3
199
184.2
226.2
79.3
188.9
179.3
158.5
160.3
207.1
215
211.6
179.9
177.5
185.3
223
73.4
178.1
172
158.1
150.2
181.1
190.6
203.8
160.2
159.3
170.7
183.8
72.7
159.8
135.8
139
139.7
146.7
174.2
155.2
141.9
147.7
139.9
154.4
58.1
156.7
141.1
149.6
150.4
149.9
171.1
178.6
118
141.9
143.3
155
76.5
154.4
141.1
144.6
127.3
164.5
159.5
167.7
123.9
156.7
157.6
162.1
66.8
123
137.6
130.8
103.5
144.6
162
151.1
145.3
132.5
121.2
144.4
50.6
108.7
125.1
118
105.1
121.2
125.4
123.5
104.2
106
104.2
129.8
47.3
104.2
116
112.9
102
99.3
111.8
120.9
105
111.4
114.6
127.4
61.8
115.1
116.3
116.9
105.3
113.7
118.5
127.7
113.1
128
117.6
120.2
65.8
114.6
102.8
112.9
101.7
117.2
125.2
120.5
86.3
119.2
114.6
125
58.9
105.7
107.2
106.2
87.3
123.2
121.2
116.8
98.9
115.9
112.3
134.3
59.4
108.8
112.1
106.4
99.8
110.3
114.4
117.8
101.7
110.3
113.6
129.9
62.8
116.6
109.8
104
92.4
103.2
105.2
109.5
99
104.1
105.6
126.5
46.4
95.5
103.6
107.9
93.3
97.9
103.4
104.5
93.2
104.6
103.1
112.4
47.3
98.5
95.5
101.3
90
100.7
97.7
115.8
88.5
116.2
111.2
113
51.4
102.5
107.5
113.5
93.8
110.2
102.6
112.5
96.3
119.7
113.1
129
50.1
103.9
123.2
118.6
89.4
118.7
116.5
119.9
100.7
120.6
112.4
132.4
47.9
107.2
116
107.9
92.1
105.9
99.2
56.9
6
63
81.8
95.4
43.7
86.9
100.5
85.5
78.7
76.6
91.8
90.2
81.6
90.8
96
104.6
44.7
97.9
92.9
95.6
91.8
82.8
103.3
112.4
96.1
111
103.5
102.6
49.9
106.1
95
98.1
85.3
92.2
$INPUT  LAM=0 IMEAN=1 P=1 D=0 Q=0 SEATS=2 OUT=0 IREG=9 IEAST=3 $END
$REG IUSER=-1 NSER=1 ILONG=360 REGEFF=6 $END
TDMNU01.TXT
$REG IUSER=2 NSER=8 $END
56 AO 68 TC 60 AO 164 TC 231 AO 232 AO 233 AO 236 AO
DIVI16 
265 2001 1 12 
187.4
210.9
231.8
197.3
231
223.5
234.8
71.4
204.5
235.2
213.3
158
176
200.8
218.5
202.5
239.9
219.4
256.9
68.3
234.4
249.1
227.3
176
188.5
207.1
230.6
206.6
231.4
223.9
262.7
60.5
235.4
245.1
223.2
178.8
181.9
218.8
250.1
227.4
236.5
236.5
253.5
71.1
242
237.5
228.3
196.5
177.1
218.5
241.2
230.6
239.5
229.4
237.3
86
234.9
236.2
233.9
191.5
196.5
229.8
256.4
194.2
244.7
230.6
243.8
88.4
227.7
242.9
237.3
184.9
193.4
224.3
247.1
199.4
250.9
233.5
248.8
86
222.8
247.5
217.5
166.2
184.9
215.8
206.2
194.9
210.2
198.6
220.9
55.4
197.5
203
176.8
136.8
124.5
152.8
159.8
139.7
148.1
164.2
172.3
40.3
167.9
169.3
160
116.1
103.4
137.6
157.3
140.9
157.3
153
171
55.9
162.1
154.9
165.3
138.5
106.8
140.7
155.2
135.6
160.8
154.9
155.4
54.6
147.7
147.9
144.7
116.4
95.8
118.2
132.4
115.7
139.6
130.8
148.5
46.7
120.7
135.2
123.2
95
99.3
106.8
114.4
108.3
129
120.4
141.6
47.8
116.7
124.9
111.6
89.3
91.2
103.5
108.9
99.4
109.9
108.6
125.2
49.8
111.3
121.9
113.4
91.8
79.2
101
97
95.2
101.9
106.8
121.2
54.7
117.4
115.5
110.8
99.3
74.2
99.7
101.3
99.2
109
108.3
120.3
60.7
112.2
106.4
106.9
97.2
84.9
111.7
121.8
88.9
114.3
113.9
115.8
69.5
101.4
118.3
106.8
102.1
85
103.6
102.5
93.5
115.8
109.3
119.8
60.6
101.9
113.7
97.8
89.1
92.3
97.4
105.7
94.2
107.3
97.3
116
54.8
101.4
113.1
93.5
85.7
85.5
100.6
78.8
36.4
73.6
98.1
110.5
59.2
109.5
113.5
109.7
81.7
86.9
99.8
129.7
112.6
111.1
112.9
124.5
59.4
118.4
117.9
123.1
106.1
85.9
108.7
123.9
108.5
127
116
124.9
64.4
124.3
130.1
119.3
101.2
81.1
$INPUT  LAM=1 IMEAN=0 BQ=0 SEATS=2 OUT=0 IREG=4 $END
$REG IUSER=-1 NSER=1 ILONG=360 REGEFF=6 $END
TDMNU01.TXT
$REG IUSER=2 NSER=3 $END
52 AO 231 AO 232 AO
DIVI17 
265 2001 1 12 
101.8
100.5
109.2
91.4
109
101.9
107
57.9
100.8
107
98.6
76.6
100.6
101.9
106.7
97.9
115.4
103.4
117.4
54.4
109.5
115.2
103
82.1
101.2
99.4
107
99.8
106.6
102.1
119
54.3
112.4
113.5
105.5
85.2
98.8
108.8
116.8
107
110.4
113.1
117.5
60
115.7
112
107.3
92.9
100.7
106
111.9
107.3
114.4
110.1
118.3
63.3
118.6
114.2
113.1
92.1
108
109.9
122.5
98.5
119.2
115.3
118.5
64
120.8
123.2
116.9
90.4
113.9
113.1
125
103.2
123.1
119.3
127.7
67.8
119
127.5
117.1
88.3
114.9
113.8
109.7
111.7
112
111.3
124.6
59.7
116
114.5
100.6
78.2
92.7
96.3
103.5
92.5
95.8
98.3
111.4
53.5
105.9
106.1
101
81.4
96.5
101.1
111.6
101
103.2
102.5
109.5
65.5
110.5
104.8
106.2
87.6
96.7
101.6
112.2
99.5
109.5
103
109.3
70.9
108.6
102.5
105.6
85.3
99.1
100.9
108.4
89.1
103.8
99.1
106.3
67.9
102
105.7
96.5
75.3
100.7
96.2
98.2
93.6
101.3
95.9
106.4
66.2
103.7
109.9
100
86.2
101.2
101.7
105.3
95.8
104.5
99.1
113
63.9
106.9
109
98.2
83.2
93.2
96.1
105.8
99.1
106.9
100.8
113.1
66.5
114.5
108.5
106
89.6
98.5
110
106.7
99.1
104.7
101.7
111
77.6
118.3
105.2
109.3
85.4
96
104.2
112.5
92.2
109.7
103.4
112.2
80.2
114.5
113.3
111
86.5
103
99.5
110.8
95.9
107.3
101.7
107
72.9
108.4
112.5
99.5
80.7
102.5
99.4
106.3
93.3
106.8
97.9
113.7
74.8
105.3
110.4
98.9
78.9
100.4
99.6
100.4
89.4
90.3
91.5
105.3
68.4
106.2
106.6
100.2
81.6
95.5
98.9
108.9
100.8
104.5
102.6
107
76.9
111
107
105.7
90.6
96.7
102.5
114.2
99.4
112.9
103
107.7
71.9
104
100.9
98.2
78.4
93.6
$INPUT  LAM=1 IMEAN=0 SEATS=2 OUT=0 IREG=3 IEAST=3 $END
$REG IUSER=-1 NSER=1 ILONG=360 REGEFF=6 $END
TDMNU01.TXT
$REG IUSER=-1 NSER=1 ILONG=360 REGEFF=6 $END
LYM_01.TXT
$REG IUSER=2 NSER=1 $END
94 LS
DIVI18 
265 2001 1 12 
165.9
156.4
165.9
146.3
171.1
148.7
151.6
119.1
163.5
175.2
165
134.8
147.5
152.3
159.3
151.3
159.6
149.7
158.9
112.6
155.8
174.6
166
155.1
158.9
162
160.2
156.2
156.8
153.5
168.8
116.3
159.9
174.6
173.8
156.9
161.5
171.2
193.8
168.3
173.1
169
171.5
135.3
174.4
173.5
179.9
168.3
158.4
159.6
178
167.4
165.9
155.9
152.8
149.2
177.6
170.5
181.7
176.1
159.6
167.8
173.7
146.5
160.6
150.1
149.6
146.6
160.2
172.1
161.9
139.7
152.5
148.6
162.5
143.5
145.8
135.7
138.1
133.3
164.4
177.2
177.5
159.3
163.6
167.8
163.9
156.4
158.9
152
153.5
136
162.5
171.2
154.8
152.5
139.8
148.3
150.1
148.7
139.8
137
137.4
118.4
144.6
152.3
145.6
139.4
127.1
134.3
150.7
138.5
138.5
143.5
147.6
130.3
150.3
150.4
143.6
144.9
126.5
130.9
144.1
133.3
138.8
139.8
147.2
125.9
149.3
148.3
141.8
135.1
122.4
116.9
132
121.8
130.6
119
133.1
118.4
125.5
135.1
125.5
102.8
109.8
112.5
108.5
106.1
110.8
98.9
106.5
95.6
112.7
113.9
106.1
105
95.5
102.1
119.5
102
105.4
103.1
107.5
87.8
105
110.3
103
106.5
91
98.9
105.1
97.2
97.5
96.2
107.3
92
109.9
102.9
110.8
91.2
79.1
94.7
104.2
93.8
93
84.1
93.1
91.9
98
92.4
90.2
81
69.7
80.7
90.4
78
83.9
81.6
93.9
87.2
94
88.2
88.6
78.5
82
90.7
96.8
73.8
83.6
74.2
86.9
88.8
80.1
86.7
78.1
69.3
78.8
79
82.5
74.3
81.7
76.5
95.4
94.6
89.4
92.9
96.4
69.2
65
71.3
67.2
47.8
54.2
55.1
71.8
67.3
79.5
79.5
72.9
63.5
63
64.6
76.3
74.3
74.2
58.9
73.7
66.2
80.7
82.7
82.5
84.1
59.2
68
82.4
64.8
71.3
68.8
61.2
62.7
68.7
63.6
64
45.5
51.5
$INPUT  LAM=1 IMEAN=0 SEATS=2 OUT=0 IREG=5  $END
$REG IUSER=-1 NSER=1 ILONG=360 REGEFF=6 $END
TDMNU01.TXT
$REG IUSER=2 NSER=3 $END
81 LS 60 AO  231 TC
$REG IUSER=-1 NSER=1 ILONG=360 REGEFF=2 $END
S01M0805.TXT
GRU181 
265 2001 1 12 
165.9
156.4
165.9
146.3
171.1
148.7
151.6
119.1
163.5
175.2
165
134.8
147.5
152.3
159.3
151.3
159.6
149.7
158.9
112.6
155.8
174.6
166
155.1
158.9
162
160.2
156.2
156.8
153.5
168.8
116.3
159.9
174.6
173.8
156.9
161.5
171.2
193.8
168.3
173.1
169
171.5
135.3
174.4
173.5
179.9
168.3
158.4
159.6
178
167.4
165.9
155.9
152.8
149.2
177.6
170.5
181.7
176.1
159.6
167.8
173.7
146.5
160.6
150.1
149.6
146.6
160.2
172.1
161.9
139.7
152.5
148.6
162.5
143.5
145.8
135.7
138.1
133.3
164.4
177.2
177.5
159.3
163.6
167.8
163.9
156.4
158.9
152
153.5
136
162.5
171.2
154.8
152.5
139.8
148.3
150.1
148.7
139.8
137
137.4
118.4
144.6
152.3
145.6
139.4
127.1
134.3
150.7
138.5
138.5
143.5
147.6
130.3
150.3
150.4
143.6
144.9
126.5
130.9
144.1
133.3
138.8
139.8
147.2
125.9
149.3
148.3
141.8
135.1
122.4
116.9
132
121.8
130.6
119
133.1
118.4
125.5
135.1
125.5
102.8
109.8
112.5
108.5
106.1
110.8
98.9
106.5
95.6
112.7
113.9
106.1
105
95.5
102.1
119.5
102
105.4
103.1
107.5
87.8
105
110.3
103
106.5
91
98.9
105.1
97.2
97.5
96.2
107.3
92
109.9
102.9
110.8
91.2
79.1
94.7
104.2
93.8
93
84.1
93.1
91.9
98
92.4
90.2
81
69.7
80.7
90.4
78
83.9
81.6
93.9
87.2
94
88.2
88.6
78.5
82
90.7
96.8
73.8
83.6
74.2
86.9
88.8
80.1
86.7
78.1
69.3
78.8
79
82.5
74.3
81.7
76.5
95.4
94.6
89.4
92.9
96.4
69.2
65
71.3
67.2
47.8
54.2
55.1
71.8
67.3
79.5
79.5
72.9
63.5
63
64.6
76.3
74.3
74.2
58.9
73.7
66.2
80.7
82.7
82.5
84.1
59.2
68
82.4
64.8
71.3
68.8
61.2
62.7
68.7
63.6
64
45.5
51.5
$INPUT  LAM=1 IMEAN=0 SEATS=2 OUT=0 IREG=5  $END
$REG IUSER=-1 NSER=1 ILONG=360 REGEFF=6 $END
TDMNU01.TXT
$REG IUSER=2 NSER=3 $END
81 LS 60 AO 231 TC
$REG IUSER=-1 NSER=1 ILONG=360 REGEFF=2 $END
S01M0805.TXT
DIVI22 
265 2001 1 12 
123.8
131.6
142.7
118.7
147.2
136.1
143.5
67.1
132.4
138.7
120.9
92.4
117.7
122.6
130.8
119.4
141
128.1
144.9
57.5
131.8
135
120.9
92.2
119.5
121
128.1
121
129.4
122.8
145.6
55.2
138.2
136.8
125.9
96.7
112.7
123
135
126.1
129
134.6
137.7
57.7
137.5
127
122.4
93.5
101.8
114.4
122.8
118.4
126.1
122.5
128.7
62
140.1
125.8
120.1
87.8
105.4
112.5
129
106.6
135.2
130.9
131.4
63.9
132.7
133.4
121.5
88.7
120.1
122.9
137.2
119.6
141.2
138.9
139.3
74.1
132.7
137.3
121.1
85.5
118
128.6
123
128.6
132.5
129.6
143.9
60.7
134.7
124.1
97.1
66.3
80.9
91.7
101.3
90.7
98.4
99.6
118.2
54.5
114.1
110.4
103.4
74.7
85.5
98.1
106.3
99.5
107.5
106.2
113
58.5
111.9
107.1
103.3
83
93.6
103.9
113.9
104.3
114.7
107.7
108.7
63.1
108.5
101.7
102.8
76.8
92.1
96.1
107.5
87.6
104.8
98.9
106.6
58.5
97.5
101.9
91.4
67.3
91.4
95.5
94.6
91.5
103.7
98.4
109.5
58.9
99.7
106.7
95.1
73.7
93.1
98.4
103.5
93.3
102.8
102.7
117
59.9
108.4
107.6
96.9
74.1
88.8
100.1
108
98.9
103.9
105.5
118.6
64.2
112.5
113.5
106.2
79.6
91.9
106.8
111.2
106.8
116.6
108.2
111.6
67.6
112.5
109
107.2
84.8
98.4
109.3
124.8
101
119.6
116.5
120.5
75
115.4
118.5
114.4
80.9
108.7
105.2
118.7
102.6
120.6
116.9
120.3
70
107.4
115.8
106
79.1
102.6
104.4
113.2
101.4
114.6
107
117.4
66.9
103
107.8
99.6
72.8
97.9
105.2
86.7
54.9
79.2
91.9
109.3
62.2
110.1
114.3
108.2
86.6
94.7
109
124.3
112.2
116.8
111.8
117.1
66.5
114.2
111.3
113.8
91.1
88.7
103.1
125.8
100.1
110.3
101.5
103.5
63
109.6
104.8
105.5
79.9
99.7
$INPUT  LAM=1 IMEAN=0 SEATS=2 OUT=0 IREG=6 IEAST=3 $END
$REG IUSER=-1 NSER=1 ILONG=360 REGEFF=6 $END
TDMNU01.TXT
$REG IUSER=2 NSER=5 $END
95 LS 103 LS 231 AO 232 AO 233 AO
DIVI23 
265 2001 1 12 
162.1
178.5
203.9
177.8
205.5
198.7
199.9
95.2
190.2
212.2
191.7
138.4
154.5
175.6
194.7
183.7
201.9
191.7
204.4
95.2
193
207
192.5
155.2
162.7
178.3
200.4
183.4
197.5
189.4
204.9
86.3
194.6
204.5
187.7
145.1
149.6
174.1
199
184
193.8
192.8
197.7
87.8
192.5
198.6
186.2
154.1
151.5
172.5
187.4
187.9
198.4
189.8
191.7
101
193
193.2
186.7
146.1
148.2
169
199.2
171.9
200
189.7
187.1
97.1
181.9
178.6
170.5
182.5
153.8
172
197.5
170.6
197.9
190.7
189.7
98.1
175.1
202.6
186.1
137.8
154.9
179.6
179.4
185.4
183.2
176.3
183
80.3
172.9
185.8
160.3
104.3
104.8
120.7
140.3
126.4
142.1
140.7
149.7
58.9
137.3
150.6
131.9
90.5
95.5
125.5
139.9
127.8
138.2
142.5
142.7
62.9
141.5
140.7
140.3
109.9
98
122.5
141.1
128.9
138.1
135.1
138.2
72.4
135.1
139.6
134.2
104
99
111.1
129.5
110.3
133.7
122.2
130.2
69.7
117
130.9
108.2
74.9
80.5
94.5
106.4
105
113.9
112.8
124.1
58
115.8
124
107.5
80.8
84.4
98.4
110.4
103.9
115.1
108.8
118.6
55.3
109.9
118.5
103.8
77.9
80.4
91.5
111.2
106.2
108.8
110.1
118.7
52.9
112.5
116.1
109.9
81.6
85.6
107
112.3
107.2
116.8
112.4
115.7
61.3
114.5
112.8
111.5
82.4
88.2
102
122
102.7
120.3
116.3
117.2
63.2
111.9
121.4
115.6
84.8
89.8
101
113.6
105.3
118.7
114.9
117.8
56.9
109.5
124.5
105.9
75.8
87.8
99.7
113
105.2
116.6
110.3
120.3
56.3
107.3
121.1
105.7
76.4
90.3
104.5
77.7
31.7
85.4
96.1
112.7
66.5
108.2
114.1
110.4
85.4
91.5
109.3
124.1
114.7
120.8
117.7
123.3
70
120.4
122.6
120.6
97.6
86.2
110
124.8
113.9
125.2
118.8
115.2
67.2
109.1
118.2
112.7
82.6
85
$INPUT  LAM=1 IMEAN=0 SEATS=2 OUT=0 IREG=13 IEAST=3 $END
$REG IUSER=-1 NSER=1 ILONG=360 REGEFF=6 $END
TDMNU01.TXT
$REG IUSER=2 NSER=12 $END
96 LS 72 AO 70 TC 108 AO 143 TC 89 LS 231 AO 232 AO 233 AO 234 AO 236 AO 253 AO
DIVI24 
265 2001 1 12 
132.2
131.2
146.7
121.9
139.7
134
125.1
50.1
124.3
137.9
127.5
97.6
117.5
126.4
131.9
124.2
136.2
127.1
135.4
49.7
125.3
141.2
130.5
107.1
125
127
140
127.1
136.6
126.1
131.1
49
133.4
142
128.2
106.4
117.7
128.4
136.6
127.7
140.4
136.4
138.4
58.4
146.7
147.1
140.6
121.2
124.9
132.4
141.2
135.5
142.2
130.8
136.6
69.8
140.5
138.9
139
115.1
128.7
134.4
155.6
136.2
154.6
144.8
141.8
78.4
149.7
159.1
151
120.7
143.4
145.7
161.8
138.5
155.3
148.7
147.3
73.6
144.2
149.3
140.3
110.4
138.5
149.8
149.3
147.1
145.1
145
149
68.7
145.4
135.7
112.7
70.4
87.2
91
91.3
82.1
89.1
92.1
106.8
41.5
112.7
114.4
105.8
78.5
92.9
110
126.1
116.9
121.7
112.7
118.1
42.8
124.8
122.4
122.7
99
108.2
122.7
132.9
120.4
128.5
122.5
125.1
54.5
129.3
124.1
117.5
86.2
107.6
119.7
126.6
104.4
121.4
114
118.1
49.3
116.5
122.1
105.8
72.8
95.1
101
103.8
98.5
111.1
106.7
114.8
38.2
110.6
120.3
107.2
84
102.9
109.6
115.7
103.5
113.2
110.3
119.1
38
115.2
115.1
100.9
77.1
92.5
101.9
114.9
104
107.6
105.7
113
46
113.4
111.3
108.6
81.1
89.9
109.4
116.6
108.1
118
109.4
112.8
49
114
113.3
112.9
84.9
97.3
107.8
122.9
99.2
117.9
113.6
116.3
51.8
117
120.6
113.9
85.2
103.4
110.3
121.8
104.3
118.8
115.1
118.7
52.9
112.8
123.5
110.5
82
102.1
108.6
117.4
102
120.1
110.1
117.1
44.4
112.5
119.4
105.6
73.1
98.3
105.5
76.2
55.9
93.6
96.7
106.9
46.4
108.7
114.8
110.3
83.9
94.6
109.9
121.6
111.2
118.6
118.4
121.8
55.9
122.4
119.8
119.7
86
92.5
109.9
122
108
116.4
102.4
97.9
43.9
106.7
102.1
101.9
68.2
84.5
$INPUT LAM=1 IMEAN=0 SEATS=2 OUT=0 IREG=9 IEAST=3 $END
$REG IUSER=-1 NSER=1 ILONG=360 REGEFF=6 $END
TDMNU01.TXT
$REG IUSER=-1 NSER=1 ILONG=360 REGEFF=6 $END
LYM_01.TXT
$REG ISEQ=1 DELTA=1 ILONG=360 REGEFF=1 $END
93 7
$REG IUSER=2 NSER=6 $END
96 AO 104 AO 45 AO 231 AO 232 AO 236 AO
DIVI25 
265 2001 1 12 
135.6
142.1
160
133.5
162.6
152.8
155.7
57.1
146.9
164.3
144.6
114
128.6
137.9
143.3
133.5
154.2
143.7
163.3
48.3
150.7
159.3
145.6
114.9
129.9
137.9
148.3
134.8
143.8
146.1
172.5
46.9
159.6
170.6
152.7
125.2
127.9
144.3
161.7
150.7
150.5
152.3
162.8
51.2
158.9
156.2
156.3
121.2
128.4
146.2
158.4
140.9
148.9
150.7
161.9
54
151.9
149.4
154.7
117.6
131.1
146.1
165.6
124.6
152.4
150.7
155.7
54
156.7
159.8
155.6
110.8
142.6
150.5
171.3
143.6
165.2
162
175.1
62
166.2
171.8
155
116.1
150.3
165.6
165.2
163.2
147.7
151.7
172.5
55
153.3
160
132.3
97.3
111.6
104
105.4
103.8
102
107.1
120.9
35.7
114.4
116.4
108.3
81.5
80.8
99.7
116.3
114.6
115.7
123.1
126.4
49.8
125
122.3
120.6
94.5
93.8
119.7
127.6
119
132.9
126.4
127.1
55.6
126.3
117.9
117
83.5
94.4
108.8
116.8
96.5
119.1
114.3
120
53.1
109
120.1
109
76.6
96
101.8
107.3
100.6
117.8
111.2
126.5
50.5
117.4
121.7
107.9
85
100.8
106.1
114.5
108.6
111.2
110.8
123.2
45.4
114.2
114.7
102.9
82.7
87
103.8
116.6
107.6
108.7
111.2
118.9
45
105.9
108.5
106.8
79.8
88
108.1
115
104.9
113.4
107.6
111.4
52.3
112.5
109.2
111.4
88.1
93.1
104.2
123.7
97.9
121.9
113.7
116.5
59.8
116.9
119.3
117.6
88
111.4
110.1
122.4
103.6
119.7
113.2
117.7
57.7
111.9
128
115.5
87.2
100.7
110.5
112.9
103.5
118.6
108.6
121.3
51.5
106.2
116.3
104.3
84.7
97.3
104.2
73.6
46.3
84.5
93.4
108.6
51.4
105.1
111.3
108.5
92.2
91.1
106
124
114.5
112.2
113.5
116
61.9
114.6
111.7
112.8
92.2
89.5
107.5
121.6
102.1
116.9
107.9
105.7
56.8
109.8
109.7
107.3
82.4
94.2
$INPUT  LAM=0 IMEAN=0 SEATS=2 OUT=0 IREG=8  $END
$REG IUSER=-1 NSER=1 ILONG=360 REGEFF=6 $END
TDMNU01.TXT
$REG IUSER=2 NSER=7 $END
98 LS 89 LS 104 AO 8 AO 231 AO 232 AO 233 AO
DIVI29 
265 2001 1 12 
143.4
142.5
162.7
129.9
142.6
140.7
135.4
48
128.7
137.9
133.9
101
128.5
131.3
143
122.7
139.6
121.5
139.5
33.2
132.2
139.5
118.8
96.2
118.9
108.7
125.9
125.2
126.6
119.1
127.8
31.8
129.6
132
121.9
101.7
111
114.5
130.1
112.8
128.3
126.6
133.1
33.4
136.2
123.3
120.3
96.3
100.3
104.8
117.3
112.8
111.5
112.9
117
38.5
114.7
115
119.6
100.2
109.3
114
131.2
108
132.1
125.1
124.6
46
125.2
126.9
119.9
93.5
114.1
118
133.6
112.5
136.1
138.6
148.2
54.6
134.1
151.3
132.6
99.3
136.8
141.7
144
147.3
147
135.4
145.1
41.8
130.8
113.3
84.2
60.5
67.6
70.4
85.3
76.5
77.7
79.1
98.5
29.9
96
94.5
89.8
69.5
78.9
84.3
105.1
100
107.2
99.3
109.5
36.2
111.2
99.2
100.9
83.6
93.4
104.7
117.2
98.4
111.1
105.3
99.8
39.4
99.8
91.8
88.2
71.8
77.2
97.3
90.7
86.2
94.9
86.4
93.5
28.6
78.5
80.9
73.6
57.9
63.8
71.1
85.1
81.8
97.4
86.4
86.2
29
84
84.5
79.4
59.9
71.8
76.8
87.4
81.4
86.8
84.7
88.2
30.7
86.2
86.6
84.8
71.7
83.7
98.3
114.4
107.6
105.1
110.2
118.9
44.7
116.4
109
106.3
85.3
93
106.8
114.9
110.4
116.3
107
105.6
59.5
111.2
106.9
105.4
89.5
94.9
106
126.3
96.7
125
117.5
116.3
57.6
114.2
121.7
114.2
85.9
100.6
108.1
120.7
103.4
124
122.9
112.6
54.6
105.5
114.3
99.3
77.9
89
100.7
105.5
95.1
116.2
105.2
107.7
44.9
100
97.2
91.8
71.9
81.5
94.7
46.4
15.4
52.1
64
91.7
38.2
97
104.4
104.3
82.4
78
88.4
107.4
96.6
96.6
95
96
40.7
85.5
84.2
90.2
78.1
82.4
91.6
98.7
87.6
101.8
79.2
88.1
41
94.1
90.9
98.1
79.7
83.9
$INPUT  LAM=1 IMEAN=0 SEATS=2 OUT=0 IREG=8 $END
$REG IUSER=-1 NSER=1 ILONG=360 REGEFF=6 $END
TDMNU01.TXT
$REG IUSER=2 NSER=7 $END
94 LS 104 AO 85 TC 231 AO 232 AO 233 AO 234 AO
DIVI30 
265 2001 1 12 
123.4
134.6
151
121
138.9
136.3
132.9
57.2
123.1
134.8
120.1
87.3
114.2
126.1
134.4
117.5
145.2
125.5
137.2
50.8
124.2
130.7
112.5
88.6
101.7
115.5
125.4
118.8
121.7
114.2
128.5
42.6
124.1
124.2
108
85.3
100.2
115
137.9
122.4
127.1
123.4
121.3
45.1
121.2
114
109.2
90.3
90.2
101.7
120.5
112.3
128.5
111.7
110.9
53.8
112.8
105.2
107.1
82.8
100
120.4
148.3
109.6
140.1
132.1
124.2
58.5
117.1
121.9
115.8
92.1
122.4
128.8
145.2
119.1
148.3
137
140.3
63.3
128.8
138.4
122.9
92.4
126.8
137.2
145.6
144.3
146.4
145.6
150.1
57.7
141.1
144.1
124.4
95
105.5
116.9
140.7
128
128.6
124.5
136.1
43.8
127.3
123.3
115.3
75.4
96.8
114.8
123.6
110.4
113.2
110.5
114.4
53.4
110.7
104.9
107.4
86.3
88.4
107.5
115.2
115.8
114.1
109.2
102.3
51.5
100.9
98.2
105.2
77.8
91.4
101.1
113.4
99.2
115.7
104.5
99.6
50.7
97.6
110.5
100.9
74
90.9
96.5
102.7
90.6
105.1
92.9
97
47.8
91.2
100.5
96.3
72.5
90
100.7
115.6
104.5
111.9
102.9
108.2
47.4
101.3
113.3
102.4
80.5
92
108.4
118
111.6
107.3
103.5
107.4
47.4
105.4
111.5
105.6
81.9
96.5
119
128.5
117.7
128.3
109.9
109.4
58.1
111.1
110.3
114.8
86.6
100.5
117.2
135.5
104.5
126.9
118.3
112.8
60.5
114.8
118
114.7
86.9
109.2
115.4
131.9
114.9
133.8
124.9
122.4
68.9
118.2
133.3
121.4
94.7
118.6
127.5
137.9
121.7
138.2
121.1
134.6
65.5
124.4
136.5
125.1
98.8
119.3
129.4
73.9
55
106
120.4
124.5
92.2
125.5
126.7
119
81.8
100.7
120.5
138.9
129.2
127
121.3
117.6
59.9
118.5
118.3
123.1
97.2
99.6
123
145.4
121.6
137.1
124.7
123.7
70.4
130.5
128.8
128.6
100
115.2
$INPUT  LAM=1 IMEAN=0 SEATS=2 OUT=0 IREG=7 $END
$REG IUSER=-1 NSER=1 ILONG=360 REGEFF=6 $END
TDMNU01.TXT
$REG IUSER=-1 NSER=1 ILONG=360 REGEFF=2 $END
S01M0810.TXT
$REG IUSER=2 NSER=5 $END
231 AO 232 AO 233 AO 236 AO 240 AO
DIVI31 
265 2001 1 12 
134.7
160.9
178
149.9
173.6
163.7
178.5
45.3
155.7
180.2
169.9
148
136.4
149.7
160
143.7
164.1
153.6
170.6
43.3
158.4
174.4
172.7
142.9
122.4
134.8
145.5
135.4
145.4
148.7
182
36.3
156.7
179
164.1
150.2
119.1
152.5
167.7
148.7
155.5
150.3
171.6
38.1
155.8
160
155
152.5
110.9
143.3
146.6
143.8
168.8
157.4
161.6
53.1
149.8
148.7
149.9
141.5
105
132.6
162.7
119.8
166.8
152.5
152.5
44.5
137.9
156.1
153.4
135.3
116.4
137.5
154.2
138.9
161.6
153
171.5
54.7
147.5
172.9
161.5
126.7
127.2
149.9
152
155.2
169.5
167
181.2
35.4
159.8
180.2
142.2
130.1
106.9
125.7
138.7
132.5
120.5
124
139.9
31
135.5
150.8
145.6
114.4
93.6
124.7
145.6
129.8
131.2
134.7
145.5
27.6
129.3
135.9
148.7
129.4
90.8
114.8
134.2
136.2
145.9
144.5
152.6
46
124.4
128
133.1
110.5
94.6
116.5
127.3
109.8
130.1
129.4
135.8
37
106.5
135.1
130.5
99
89.8
107
115.6
109.1
118.8
114.5
126
29
102.1
118.3
106.9
91.4
80.2
99.1
112.8
102.5
105.8
118.6
120
26
102.2
120.4
116.5
105.4
79.5
95.1
103.3
98.7
96
110.2
123.8
53.8
102.5
118.5
115.3
103.3
80.6
106.8
116.6
108.3
119
110.6
124.7
53.9
109.6
117.5
119.4
108.9
86.5
110.4
125
95.2
125.2
114.8
126.3
50.9
114.7
127.5
129.8
107.4
93.2
110.4
123.4
106.1
118.3
112.9
120.8
48.9
102.5
126.3
118.2
99.3
88.4
105.4
112.3
100.9
118.3
110.1
130.3
49.8
104.1
123.4
118.3
105.2
94.8
104.3
62.3
15.8
78.4
101.5
128.1
70.5
123.2
141.6
124.4
117.4
92.1
112.3
127.7
112.7
121.4
117
127.3
56
111.7
123.2
126.7
110.2
84.9
115.4
135.4
112.5
134.3
121.8
122.1
58
111.3
118.5
124
98.2
93.8
$INPUT  LAM=1 IMEAN=0 SEATS=2 OUT=0 IREG=7  $END
$REG IUSER=-1 NSER=1 ILONG=360 REGEFF=6 $END
TDMNU01.TXT
$REG IUSER=-1 NSER=1 ILONG=360 REGEFF=2 $END
S01M0815.TXT
$REG IUSER=2 NSER=5 $END
95 LS 231 AO 232 AO 233 AO 236 AO
GRU310 
265 2001 1 12 
134.7
160.9
178
149.9
173.6
163.7
178.5
45.3
155.7
180.2
169.9
148
136.4
149.7
160
143.7
164.1
153.6
170.6
43.3
158.4
174.4
172.7
142.9
122.4
134.8
145.5
135.4
145.4
148.7
182
36.3
156.7
179
164.1
150.2
119.1
152.5
167.7
148.7
155.5
150.3
171.6
38.1
155.8
160
155
152.5
110.9
143.3
146.6
143.8
168.8
157.4
161.6
53.1
149.8
148.7
149.9
141.5
105
132.6
162.7
119.8
166.8
152.5
152.5
44.5
137.9
156.1
153.4
135.3
116.4
137.5
154.2
138.9
161.6
153
171.5
54.7
147.5
172.9
161.5
126.7
127.2
149.9
152
155.2
169.5
167
181.2
35.4
159.8
180.2
142.2
130.1
106.9
125.7
138.7
132.5
120.5
124
139.9
31
135.5
150.8
145.6
114.4
93.6
124.7
145.6
129.8
131.2
134.7
145.5
27.6
129.3
135.9
148.7
129.4
90.8
114.8
134.2
136.2
145.9
144.5
152.6
46
124.4
128
133.1
110.5
94.6
116.5
127.3
109.8
130.1
129.4
135.8
37
106.5
135.1
130.5
99
89.8
107
115.6
109.1
118.8
114.5
126
29
102.1
118.3
106.9
91.4
80.2
99.1
112.8
102.5
105.8
118.6
120
26
102.2
120.4
116.5
105.4
79.5
95.1
103.3
98.7
96
110.2
123.8
53.8
102.5
118.5
115.3
103.3
80.6
106.8
116.6
108.3
119
110.6
124.7
53.9
109.6
117.5
119.4
108.9
86.5
110.4
125
95.2
125.2
114.8
126.3
50.9
114.7
127.5
129.8
107.4
93.2
110.4
123.4
106.1
118.3
112.9
120.8
48.9
102.5
126.3
118.2
99.3
88.4
105.4
112.3
100.9
118.3
110.1
130.3
49.8
104.1
123.4
118.3
105.2
94.8
104.3
62.3
15.8
78.4
101.5
128.1
70.5
123.2
141.6
124.4
117.4
92.1
112.3
127.7
112.7
121.4
117
127.3
56
111.7
123.2
126.7
110.2
84.9
115.4
135.4
112.5
134.3
121.8
122.1
58
111.3
118.5
124
98.2
93.8
$INPUT  LAM=1 IMEAN=0 SEATS=2 OUT=0 IREG=7  $END
$REG IUSER=-1 NSER=1 ILONG=360 REGEFF=6 $END
TDMNU01.TXT
$REG IUSER=-1 NSER=1 ILONG=360 REGEFF=2 $END
S01M0815.TXT
$REG IUSER=2 NSER=5 $END
95 LS 231 AO 232 AO 233 AO 236 AO
DIVI32 
265 2001 1 12 
123.5
136.9
155.6
118.5
147.8
134.6
142.1
55.5
136
161.5
144.3
94.8
123.3
138.7
155.4
133.5
159.3
141.9
160.2
51.1
155.9
172.4
148.7
109.9
114.5
119.5
126.2
110.9
122.1
109.8
130.1
41
129
143
126.6
99.1
98.9
114.5
136.3
128.8
124.2
114.5
128.4
44.8
129.4
132.1
127.5
103.2
95.3
114.3
120.8
118.5
121.3
112.5
122.5
50.1
136.9
130.6
138.3
103.2
98.6
120.6
144.6
109.7
138.8
126.2
133.4
53.8
144.6
146.4
138.3
101.4
107.9
124
140.1
115.1
136.2
121.9
126.1
55.5
119.3
135.2
118.1
86.9
100.6
114.5
108.9
120.5
111.6
99.5
116.4
33.7
116.6
124.6
97.9
71.3
71
88.3
91.3
86.9
84.7
85.2
103.3
30.1
104.6
105.6
96.3
71.2
80
98.9
118.2
110.7
110.7
99.9
117.1
41.5
115.1
115.5
111.2
87.3
79.7
104.8
121
116
117.1
103.7
116.5
44
115.2
100.4
98.9
74.9
78.7
98.2
112.5
96
109
91.7
104.9
41.4
101.3
111.1
102.4
81.5
75.4
93.6
101
97.7
112.6
96.9
118.5
45.4
105.5
113.9
99.2
89
87.7
101.1
109.9
107.3
111.5
106.9
127.5
40.3
115.6
117.9
99.3
82.5
87.8
101.2
115.7
111.8
110.1
106
123.7
39.2
109.9
110.4
101.8
82.5
82.5
106.2
115
110.6
115.3
100.7
112.1
45.6
112.2
104.6
107.8
84.3
83.8
104.4
127.6
97.8
120.9
111.8
119.1
54.8
113.5
118.2
113.7
93.6
98
106.3
122.7
106.8
123.5
111.4
119.2
61.4
115.5
133.2
123.9
94.2
103.5
116.9
132.8
114.3
136
119.4
135.2
57.2
123.2
138.1
121.4
96.7
109.4
121
79.4
44.1
81
99.7
121.1
57.7
121.8
125.3
119.2
96.3
98.5
126.1
143.4
132.9
131.6
128.6
142.4
59.8
147.8
141.2
142.2
116.1
98.9
131.9
149.9
129.2
140.1
137.2
140.9
68.6
142.7
138.1
138.4
110.6
107.1
$INPUT  LAM=1 IMEAN=0 SEATS=2 OUT=0 IREG=6  $END
$REG IUSER=-1 NSER=1 ILONG=360 REGEFF=6 $END
TDMNU01.TXT
$REG IUSER=2 NSER=5 $END
26 LS 231 AO 232 AO 233 AO 234 AO
DIVI33 
265 2001 1 12 
95.6
94.2
130.1
106.3
113.1
111.2
89.1
55.8
84.6
142.5
101.7
72.3
101
105
112.9
104.1
106.6
99.7
89.4
51.8
107.4
106.7
98.2
79.7
86.8
103.5
115.1
105.7
103.9
108.1
110.9
40.3
102.6
110.1
106.8
85.4
97
104
118.8
112.8
115.1
74
106.4
69.5
98.2
101.9
107.5
88.8
84.6
97
105.8
99.2
111.2
109.2
104.4
47.9
97.4
116.6
105
86.6
94.4
103.1
113.3
95.7
114.8
113.6
104
64.2
108.9
123.2
114.9
98.2
104.7
103.1
118.1
100.7
118.5
110.3
130.4
78.4
116.6
137.2
124
89.3
118.7
120.4
114.5
132.7
123.5
114.9
128.7
75.4
125.7
134.2
126.7
98.9
97.2
99.7
104.7
103.8
99.2
101.8
111
63.6
98.3
117.1
123.3
89.7
102.2
108.1
126.9
118.9
118.8
115.6
120.7
83.8
122.1
119.9
122
107.9
109.6
124.5
136.3
125.4
135.8
128.2
132.9
96.8
127.1
123
130
107.7
106.8
115.9
128.6
108.9
124.8
114.8
116.4
81.2
106.7
117.5
110.5
92.5
101.6
101.9
108.5
104.1
115.7
108.7
112.3
68.9
96
107.4
103
86.2
89.7
95.8
102.4
97.3
101.4
98.6
109.1
71.6
104
109.5
100.9
87.5
90.1
97.5
105.7
101.4
101.4
101.3
107.5
74.8
111.8
110.7
105.2
92.5
93.8
104.4
111
103.5
110.5
104.2
102.1
80
104.8
108.6
110.7
96.4
100.7
105.4
121.8
97.9
122.6
111.5
109.7
85.2
112.1
120.7
119
96.9
119.9
118
129.7
113.5
136.4
124
123.3
92.4
119.6
136.1
127.2
105.6
121.2
125.8
130.9
124.8
138.4
125
137
96.4
129.4
145.9
128.7
114
131.3
133.5
106
82.9
107.9
117
133.7
94.3
132.4
140.4
132.7
120.1
117.5
129
143.9
134.1
139.5
133.4
133.8
94.7
133.3
129.8
133.7
119.5
114.8
128.5
144.5
120.1
137.4
130.2
121.7
106.6
133.3
134.2
135.9
120.8
128.8
$INPUT LAM=1 IMEAN=0 SEATS=2 OUT=0 IREG=9 $END
$REG IUSER=-1 NSER=1 ILONG=360 REGEFF=6 $END
TDMNU01.TXT
$REG IUSER=2 NSER=7 $END
42 AO 10 AO 79 TC 21 AO 45 LS 231 AO 232 TC
$REG ISEQ=1 DELTA=1 REGEFF=1 ILONG=360 $END
92 10
