-0.712
-0.175
0.06
0.067
0.573
0.282
-1.145
0.573
0.573
-1.145
0.285
0
0.288
-0.175
1.06
-1.933
0.573
0.282
-1.145
0.573
-0.427
-0.145
0.285
-2
1.288
-0.175
0.06
-0.933
0.573
0.282
-0.145
0.573
-1.427
0.855
0.285
-1
1.288
0.825
-1.94
1.067
-0.427
-0.718
0.855
-1.427
0.573
0.855
-0.715
0
-0.712
-0.175
0.06
1.067
-1.427
0.282
0.855
-0.427
0.573
-0.145
0.285
1
-1.712
-0.175
1.06
1.067
-0.427
0.282
-0.145
0.573
0.573
-1.145
0.285
2
-0.712
-0.175
0.06
0.067
0.573
0.282
-1.145
0.573
0.573
-1.145
0.285
0
0.288
0.825
0.06
-0.933
0.573
0.282
-0.145
0.573
-1.427
0.855
0.285
-1
1.288
-0.175
-0.94
0.067
0.573
-0.718
0.855
-0.427
-0.427
0.855
-0.715
0
0.288
-0.175
-0.94
0.067
-0.427
-0.718
0.855
-1.427
0.573
0.855
-0.715
0
-0.712
-0.175
0.06
1.067
-1.427
0.282
0.855
-0.427
0.573
-0.145
0.285
1
-1.712
0.825
0.06
0.067
0.573
0.282
-1.145
0.573
0.573
-1.145
0.285
0
0.288
-0.175
1.06
-1.933
0.573
0.282
-1.145
0.573
-0.427
-0.145
0.285
-2
1.288
-0.175
0.06
-0.933
0.573
0.282
-0.145
0.573
-1.427
0.855
0.285
-1
1.288
-0.175
-0.94
0.067
0.573
-0.718
0.855
-0.427
-0.427
0.855
-0.715
0
0.288
-0.175
0.06
1.067
-1.427
0.282
0.855
-0.427
0.573
-0.145
0.285
1
-1.712
-0.175
1.06
1.067
-0.427
0.282
-0.145
0.573
0.573
-1.145
0.285
2
-0.712
-0.175
1.06
-0.933
0.573
0.282
-1.145
0.573
0.573
-1.145
0.285
0
0.288
-0.175
1.06
-1.933
0.573
0.282
-1.145
0.573
-0.427
-0.145
0.285
-2
1.288
0.825
-0.94
0.067
0.573
-0.718
0.855
-0.427
-0.427
0.855
-0.715
0
0.288
-0.175
-0.94
0.067
-0.427
-0.718
0.855
-1.427
0.573
0.855
-0.715
0
-0.712
-0.175
0.06
1.067
-1.427
0.282
0.855
-0.427
0.573
-0.145
0.285
1
-1.712
-0.175
0.06
2.067
-0.427
0.282
-0.145
0.573
0.573
-1.145
0.285
2
-0.712
0.825
1.06
-1.933
0.573
0.282
-1.145
0.573
-0.427
-0.145
0.285
-2
1.288
-0.175
0.06
-0.933
0.573
0.282
-0.145
0.573
-1.427
0.855
0.285
-1
1.288
-0.175
-0.94
0.067
0.573
-0.718
0.855
-0.427
-0.427
0.855
-0.715
0
