1.006
-0.006
3.709
-6.766
2.004
4.488
-4.008
2.004
-1.496
-0.507
0.998
-7.000
4.506
0.994
-3.291
0.234
2.004
-2.513
2.993
-1.496
-1.496
2.993
-2.503
0.000
1.006
-0.006
-6.791
3.734
-1.496
0.987
2.993
-4.996
2.004
2.993
-2.503
0.000
-2.494
-0.006
0.209
3.734
-4.996
4.488
2.993
-1.496
2.004
-0.507
0.998
3.500
-5.994
-0.006
3.709
3.734
-1.496
4.488
-0.507
2.004
2.004
-4.008
0.998
7.000
-2.494
0.994
3.709
-6.766
2.004
4.488
-4.008
2.004
-1.496
-0.507
0.998
-7.000
4.506
-0.006
0.209
-3.266
2.004
0.987
-0.507
2.004
-4.996
2.993
0.998
-3.500
4.506
-0.006
-3.291
0.234
2.004
-2.513
2.993
-1.496
-1.496
2.993
-2.503
0.000
1.006
-0.006
-3.291
0.234
-1.496
-2.513
2.993
-4.996
2.004
2.993
-2.503
0.000
-2.494
-2.506
3.709
3.734
-1.496
0.987
-0.507
2.004
2.004
-4.008
0.998
7.000
-2.494
-0.006
0.209
0.234
2.004
0.987
-4.008
2.004
2.004
-4.008
0.998
0.000
1.006
-0.006
3.709
-6.766
2.004
0.987
-4.008
2.004
-1.496
-0.507
0.998
-7.000
4.506
-0.006
0.209
-3.266
2.004
0.987
-0.507
2.004
-4.996
2.993
0.998
-3.500
4.506
0.994
-6.791
3.734
-1.496
-2.513
2.993
-4.996
2.004
2.993
-2.503
0.000
-2.494
-0.006
0.209
3.734
-4.996
0.987
2.993
-1.496
2.004
-0.507
0.998
3.500
-5.994
-0.006
3.709
3.734
-1.496
0.987
-0.507
2.004
2.004
-4.008
0.998
7.000
-2.494
-0.006
0.209
0.234
2.004
0.987
-4.008
2.004
2.004
-4.008
0.998
0.000
1.006
0.994
0.209
-3.266
2.004
0.987
-0.507
2.004
-4.996
2.993
0.998
-3.500
4.506
-0.006
-3.291
0.234
2.004
-2.513
2.993
-1.496
-1.496
2.993
-2.503
0.000
1.006
-0.006
-3.291
0.234
-1.496
-2.513
2.993
-4.996
2.004
2.993
-2.503
0.000
-2.494
-0.006
0.209
3.734
-4.996
0.987
2.993
-1.496
2.004
-0.507
0.998
3.500
-5.994
0.994
0.209
0.234
2.004
0.987
-4.008
2.004
2.004
-4.008
0.998
0.000
1.006
-0.006
3.709
-6.766
2.004
0.987
-4.008
2.004
-1.496
-0.507
0.998
-7.000
4.506
-0.006
0.209
-3.266
2.004
0.987
-0.507
2.004
-4.996
2.993
0.998
-3.500
4.506
-0.006
-3.291
0.234
2.004
-2.513
2.993
-1.496
-1.496
2.993
-2.503
0.000
1.006
-2.506
0.209
3.734
-4.996
0.987
2.993
-1.496
2.004
-0.507
0.998
3.500
-5.994
-0.006
3.709
3.734
-1.496
0.987
-0.507
2.004
2.004
-4.008
0.998
7.000
-2.494
-0.006
3.709
-3.266
2.004
0.987
-4.008
2.004
2.004
-4.008
0.998
0.000
1.006
-0.006
3.709
-6.766
2.004
0.987
-4.008
2.004
-1.496
-0.507
0.998
-7.000
4.506
0.994
-3.291
0.234
2.004
-2.513
2.993
-1.496
-1.496
2.993
-2.503
0.000
1.006
-0.006
-3.291
0.234
-1.496
-2.513
2.993
-4.996
2.004
2.993
-2.503
0.000
-2.494
-0.006
0.209
3.734
-4.996
0.987
2.993
-1.496
2.004
-0.507
0.998
3.500
-5.994
-0.006
0.209
7.234
-1.496
0.987
-0.507
2.004
2.004
-4.008
0.998
7.000
-2.494
0.994
3.709
-6.766
2.004
0.987
-4.008
2.004
-1.496
-0.507
0.998
-7.000
4.506
-0.006
0.209
-3.266
2.004
0.987
-0.507
2.004
-4.996
2.993
0.998
-3.500
4.506
-0.006
-3.291
0.234
2.004
-2.513
2.993
-1.496
-1.496
2.993
-2.503
0.000
